58.3441634148
62.1767270806
62.727320452
66.4333939916
66.4901225509
66.4991895471
56.217681161
65.015275237
65.6165997839
64.795622191
65.5944255261
64.9159195218
67.8241298752
67.4445687487
69.9435306736
67.2084131443
65.5970836015
69.205001837
69.2920557939
70.3367708433
68.3123618238
64.2243054709
68.8864494282
65.6180811021
67.9054317541
69.777626572
65.8230598071
67.33562754
59.1670846301
62.6325371345
65.9434764538
68.117681159
69.5202837112
70.5770711693
70.8428047518
65.8667451211
67.7579423323
68.2959849987
69.6945838562
55.3254065309
63.540260609
64.3235128858
68.1399407974
69.7509845467
68.9792925262
55.171751786
62.8792732386
56.7830677405
57.898275089
50.5625908322
56.7600888283
63.0307328772
67.0882908738
68.9813580422
68.6301727999
67.7913001653
68.4902276513
57.213096223
67.9089967387
67.7230010285
67.9271620724
61.9233977264
54.0263226774
53.5676580151
60.8267480526
64.1412585348
67.7272559751
68.7693337348
65.2675716623
68.102698187
58.5468955457
65.9924003576
67.2513766407
68.2690344096
66.0477517474
65.8820882513
59.8849398624
59.076690752
49.9400822894
59.5311088325
61.558792361
46.6915750384
48.787480054
51.5515211919
46.302825572
53.7340570158
49.1667408878
53.1452620662
56.1671493779
57.2831505836
62.1170660203
64.4733283507
56.5691411168
59.377100361
60.2032244974
57.5042200251
52.9694334743
58.3790116225
62.504380322
53.9734657845
-23.0
