num	a	t	g	c	sum
1	4328426.0	4267700.0	3020757.0	3409804.0	15026687.0
2	4362867.0	4267700.0	3020757.0	3409804.0	15026687.0
3	4196366.0	4267700.0	3020757.0	3409804.0	15026687.0
4	4169411.0	4267700.0	3020757.0	3409804.0	15026687.0
5	4202217.0	4267700.0	3020757.0	3409804.0	15026687.0
6	4194132.0	4267700.0	3020757.0	3409804.0	15026687.0
7	4216593.0	4267700.0	3020757.0	3409804.0	15026687.0
8	4216727.0	4267700.0	3020757.0	3409804.0	15026687.0
9	4161066.0	4267700.0	3020757.0	3409804.0	15026687.0
10	4199300.0	4267700.0	3020757.0	3409804.0	15026687.0
11	4190614.0	4267700.0	3020757.0	3409804.0	15026687.0
12	4197284.0	4267700.0	3020757.0	3409804.0	15026687.0
13	4217570.0	4267700.0	3020757.0	3409804.0	15026687.0
14	4221991.0	4267700.0	3020757.0	3409804.0	15026687.0
15	4222143.0	4267700.0	3020757.0	3409804.0	15026687.0
16	4206869.0	4267700.0	3020757.0	3409804.0	15026687.0
17	4211087.0	4267700.0	3020757.0	3409804.0	15026687.0
18	4179464.0	4267700.0	3020757.0	3409804.0	15026687.0
19	4178459.0	4267700.0	3020757.0	3409804.0	15026687.0
20	4191329.0	4267700.0	3020757.0	3409804.0	15026687.0
21	4164622.0	4267700.0	3020757.0	3409804.0	15026687.0
22	4169043.0	4267700.0	3020757.0	3409804.0	15026687.0
23	4169283.0	4267700.0	3020757.0	3409804.0	15026687.0
24	4160251.0	4267700.0	3020757.0	3409804.0	15026687.0
25	4181852.0	4267700.0	3020757.0	3409804.0	15026687.0
26	4166117.0	4267700.0	3020757.0	3409804.0	15026687.0
27	4164958.0	4267700.0	3020757.0	3409804.0	15026687.0
28	4173425.0	4267700.0	3020757.0	3409804.0	15026687.0
29	4175098.0	4267700.0	3020757.0	3409804.0	15026687.0
30	4154507.0	4267700.0	3020757.0	3409804.0	15026687.0
31	4164094.0	4267700.0	3020757.0	3409804.0	15026687.0
32	4171182.0	4267700.0	3020757.0	3409804.0	15026687.0
33	4157199.0	4267700.0	3020757.0	3409804.0	15026687.0
34	4163220.0	4267700.0	3020757.0	3409804.0	15026687.0
35	4166402.0	4267700.0	3020757.0	3409804.0	15026687.0
36	4170342.0	4267700.0	3020757.0	3409804.0	15026687.0
37	4175127.0	4267700.0	3020757.0	3409804.0	15026687.0
38	4162034.0	4267700.0	3020757.0	3409804.0	15026687.0
39	4150399.0	4267700.0	3020757.0	3409804.0	15026687.0
40	4159599.0	4267700.0	3020757.0	3409804.0	15026687.0
41	4159901.0	4267700.0	3020757.0	3409804.0	15026687.0
42	4150106.0	4267700.0	3020757.0	3409804.0	15026687.0
43	4155930.0	4267700.0	3020757.0	3409804.0	15026687.0
44	4156418.0	4267700.0	3020757.0	3409804.0	15026687.0
45	4153286.0	4267700.0	3020757.0	3409804.0	15026687.0
46	4159952.0	4267700.0	3020757.0	3409804.0	15026687.0
47	4160134.0	4267700.0	3020757.0	3409804.0	15026687.0
48	4150659.0	4267700.0	3020757.0	3409804.0	15026687.0
49	4160419.0	4267700.0	3020757.0	3409804.0	15026687.0
50	4159051.0	4267700.0	3020757.0	3409804.0	15026687.0
51	4150290.0	4267700.0	3020757.0	3409804.0	15026687.0
52	4155700.0	4267700.0	3020757.0	3409804.0	15026687.0
53	4154884.0	4267700.0	3020757.0	3409804.0	15026687.0
54	4151770.0	4267700.0	3020757.0	3409804.0	15026687.0
55	4155139.0	4267700.0	3020757.0	3409804.0	15026687.0
56	4155767.0	4267700.0	3020757.0	3409804.0	15026687.0
57	4151948.0	4267700.0	3020757.0	3409804.0	15026687.0
58	4160928.0	4267700.0	3020757.0	3409804.0	15026687.0
59	4164775.0	4267700.0	3020757.0	3409804.0	15026687.0
60	4151082.0	4267700.0	3020757.0	3409804.0	15026687.0
61	4155332.0	4267700.0	3020757.0	3409804.0	15026687.0
62	4153401.0	4267700.0	3020757.0	3409804.0	15026687.0
63	4152517.0	4267700.0	3020757.0	3409804.0	15026687.0
64	4159466.0	4267700.0	3020757.0	3409804.0	15026687.0
65	4156352.0	4267700.0	3020757.0	3409804.0	15026687.0
66	4153903.0	4267700.0	3020757.0	3409804.0	15026687.0
67	4157574.0	4267700.0	3020757.0	3409804.0	15026687.0
68	4161615.0	4267700.0	3020757.0	3409804.0	15026687.0
69	4156554.0	4267700.0	3020757.0	3409804.0	15026687.0
70	4160597.0	4267700.0	3020757.0	3409804.0	15026687.0
71	4158888.0	4267700.0	3020757.0	3409804.0	15026687.0
72	4153693.0	4267700.0	3020757.0	3409804.0	15026687.0
73	4165114.0	4267700.0	3020757.0	3409804.0	15026687.0
74	4164635.0	4267700.0	3020757.0	3409804.0	15026687.0
75	4158345.0	4267700.0	3020757.0	3409804.0	15026687.0
76	4161512.0	4267700.0	3020757.0	3409804.0	15026687.0
77	4164065.0	4267700.0	3020757.0	3409804.0	15026687.0
78	4158762.0	4267700.0	3020757.0	3409804.0	15026687.0
79	4168255.0	4267700.0	3020757.0	3409804.0	15026687.0
80	4166794.0	4267700.0	3020757.0	3409804.0	15026687.0
81	4163822.0	4267700.0	3020757.0	3409804.0	15026687.0
82	4166160.0	4267700.0	3020757.0	3409804.0	15026687.0
83	4167444.0	4267700.0	3020757.0	3409804.0	15026687.0
84	4158245.0	4267700.0	3020757.0	3409804.0	15026687.0
85	4169288.0	4267700.0	3020757.0	3409804.0	15026687.0
86	4171432.0	4267700.0	3020757.0	3409804.0	15026687.0
87	4167314.0	4267700.0	3020757.0	3409804.0	15026687.0
88	4173260.0	4267700.0	3020757.0	3409804.0	15026687.0
89	4173206.0	4267700.0	3020757.0	3409804.0	15026687.0
90	4165549.0	4267700.0	3020757.0	3409804.0	15026687.0
91	4169393.0	4267700.0	3020757.0	3409804.0	15026687.0
92	4178063.0	4267700.0	3020757.0	3409804.0	15026687.0
93	4171530.0	4267700.0	3020757.0	3409804.0	15026687.0
94	4179998.0	4267700.0	3020757.0	3409804.0	15026687.0
95	4176199.0	4267700.0	3020757.0	3409804.0	15026687.0
96	4177528.0	4267700.0	3020757.0	3409804.0	15026687.0
97	4181119.0	4267700.0	3020757.0	3409804.0	15026687.0
98	4181990.0	4267700.0	3020757.0	3409804.0	15026687.0
99	4182682.0	4267700.0	3020757.0	3409804.0	15026687.0
100	4185239.0	4267700.0	3020757.0	3409804.0	15026687.0
