num	a	t	g	c	sum
1	698.0	712.0	487.0	602.0	2499.0
2	718.0	712.0	487.0	602.0	2499.0
3	714.0	712.0	487.0	602.0	2499.0
4	691.0	712.0	487.0	602.0	2499.0
5	693.0	712.0	487.0	602.0	2499.0
6	659.0	712.0	487.0	602.0	2499.0
7	695.0	712.0	487.0	602.0	2499.0
8	714.0	712.0	487.0	602.0	2499.0
9	658.0	712.0	487.0	602.0	2499.0
10	669.0	712.0	487.0	602.0	2499.0
11	699.0	712.0	487.0	602.0	2499.0
12	692.0	712.0	487.0	602.0	2499.0
13	673.0	712.0	487.0	602.0	2499.0
14	673.0	712.0	487.0	602.0	2499.0
15	674.0	712.0	487.0	602.0	2499.0
16	669.0	712.0	487.0	602.0	2499.0
17	698.0	712.0	487.0	602.0	2499.0
18	675.0	712.0	487.0	602.0	2499.0
19	672.0	712.0	487.0	602.0	2499.0
20	687.0	712.0	487.0	602.0	2499.0
21	695.0	712.0	487.0	602.0	2499.0
22	681.0	712.0	487.0	602.0	2499.0
23	646.0	712.0	487.0	602.0	2499.0
24	709.0	712.0	487.0	602.0	2499.0
25	691.0	712.0	487.0	602.0	2499.0
26	706.0	712.0	487.0	602.0	2499.0
27	659.0	712.0	487.0	602.0	2499.0
28	648.0	712.0	487.0	602.0	2499.0
29	712.0	712.0	487.0	602.0	2499.0
30	680.0	712.0	487.0	602.0	2499.0
31	687.0	712.0	487.0	602.0	2499.0
32	671.0	712.0	487.0	602.0	2499.0
33	669.0	712.0	487.0	602.0	2499.0
34	692.0	712.0	487.0	602.0	2499.0
35	642.0	712.0	487.0	602.0	2499.0
36	672.0	712.0	487.0	602.0	2499.0
37	645.0	712.0	487.0	602.0	2499.0
38	661.0	712.0	487.0	602.0	2499.0
39	693.0	712.0	487.0	602.0	2499.0
40	692.0	712.0	487.0	602.0	2499.0
41	688.0	712.0	487.0	602.0	2499.0
42	660.0	712.0	487.0	602.0	2499.0
43	665.0	712.0	487.0	602.0	2499.0
44	673.0	712.0	487.0	602.0	2499.0
45	692.0	712.0	487.0	602.0	2499.0
46	687.0	712.0	487.0	602.0	2499.0
47	697.0	712.0	487.0	602.0	2499.0
48	676.0	712.0	487.0	602.0	2499.0
49	680.0	712.0	487.0	602.0	2499.0
50	657.0	712.0	487.0	602.0	2499.0
51	692.0	712.0	487.0	602.0	2499.0
52	683.0	712.0	487.0	602.0	2499.0
53	669.0	712.0	487.0	602.0	2499.0
54	666.0	712.0	487.0	602.0	2499.0
55	674.0	712.0	487.0	602.0	2499.0
56	670.0	712.0	487.0	602.0	2499.0
57	683.0	712.0	487.0	602.0	2499.0
58	661.0	712.0	487.0	602.0	2499.0
59	671.0	712.0	487.0	602.0	2499.0
60	628.0	712.0	487.0	602.0	2499.0
61	658.0	712.0	487.0	602.0	2499.0
62	707.0	712.0	487.0	602.0	2499.0
63	716.0	712.0	487.0	602.0	2499.0
64	679.0	712.0	487.0	602.0	2499.0
65	681.0	712.0	487.0	602.0	2499.0
66	703.0	712.0	487.0	602.0	2499.0
67	680.0	712.0	487.0	602.0	2499.0
68	716.0	712.0	487.0	602.0	2499.0
69	648.0	712.0	487.0	602.0	2499.0
70	700.0	712.0	487.0	602.0	2499.0
71	715.0	712.0	487.0	602.0	2499.0
72	667.0	712.0	487.0	602.0	2499.0
73	682.0	712.0	487.0	602.0	2499.0
74	667.0	712.0	487.0	602.0	2499.0
75	640.0	712.0	487.0	602.0	2499.0
76	695.0	712.0	487.0	602.0	2499.0
77	693.0	712.0	487.0	602.0	2499.0
78	623.0	712.0	487.0	602.0	2499.0
79	684.0	712.0	487.0	602.0	2499.0
80	695.0	712.0	487.0	602.0	2499.0
81	649.0	712.0	487.0	602.0	2499.0
82	688.0	712.0	487.0	602.0	2499.0
83	654.0	712.0	487.0	602.0	2499.0
84	673.0	712.0	487.0	602.0	2499.0
85	684.0	712.0	487.0	602.0	2499.0
86	673.0	712.0	487.0	602.0	2499.0
87	654.0	712.0	487.0	602.0	2499.0
88	650.0	712.0	487.0	602.0	2499.0
89	717.0	712.0	487.0	602.0	2499.0
90	674.0	712.0	487.0	602.0	2499.0
91	678.0	712.0	487.0	602.0	2499.0
92	660.0	712.0	487.0	602.0	2499.0
93	712.0	712.0	487.0	602.0	2499.0
94	672.0	712.0	487.0	602.0	2499.0
95	711.0	712.0	487.0	602.0	2499.0
96	657.0	712.0	487.0	602.0	2499.0
97	675.0	712.0	487.0	602.0	2499.0
98	708.0	712.0	487.0	602.0	2499.0
99	704.0	712.0	487.0	602.0	2499.0
100	691.0	712.0	487.0	602.0	2499.0
